RussianBase  (35,35) (70,35) (35,70) (70,70)
GermanBase  (505,35) (540,35) (505,70) (540,70)
AmericanBase  (505,505) (540,505) (505,540) (540,540)
JapaneseBase  (35,505) (70,505) (35,540) (70,540)
RussianStart  (100,95) (135,95) (100,130) (135,130)
GermanStart  (440,95) (475,95) (440,130) (475,130)
AmericanStart  (440,440) (475,440) (440,475) (475,475)
JapaneseStart  (100,440) (135,440) (100,475) (135,475)
RussianStartLeft  (155,40) (190,40) (155,75) (190,75)
GermanStartRight  (385,40) (420,40) (385,75) (420,75)
AmericanStartLeft  (385,495) (420,495) (385,530) (420,530)
JapaneseStartRight  (155,495) (190,495) (155,530) (190,530)
RussianStartRight  (40,155) (75,155) (40,190) (75,190)
GermanStartLeft  (500,155) (535,155) (500,190) (535,190)
AmericanStartRight  (500,380) (535,380) (500,415) (535,415)
JapaneseStartLeft  (40,380) (75,380) (40,415) (75,415)
RussianStepOne  (155,155) (190,155) (155,190) (190,190)
GermanStepOne  (385,155) (420,155) (385,190) (420,190)
AmericanStepOne  (385,385) (420,385) (385,420) (420,420)
JapaneseStepOne  (155,385) (190,385) (155,420) (190,420)
RussianStepTwo  (210,210) (245,210) (210,245) (245,245)
GermanStepTwo  (325,210) (360,210) (325,245) (360,245)
AmericanStepTwo  (325,325) (360,325) (325,360) (360,360)
JapaneseStepTwo  (210,325) (245,325) (210,360) (245,360)
TopBar  (220,35) (255,35) (290,35) (325,35) (220,70) (255,70) (290,70) (325,70)
RightBar  (495,220) (530,220) (495,255) (530,255) (495,290) (530,290) (495, 325) (530,325)
BottomBar  (220,495) (255,495) (290,495) (325,495) (220,530) (255,530) (290,530) (325, 530)
LeftBar  (40,220) (75,220) (40,255) (75,255) (40,290) (75,290) (40,325) (75,325)
Flag  (267,267) (302,267) (267,302) (302,302)


RedBase  (35,35) (70,35) (35,70) (70,70)
BlueBase  (505,35) (540,35) (505,70) (540,70)
WhiteBase  (505,505) (540,505) (505,540) (540,540)
BlackBase  (35,505) (70,505) (35,540) (70,540)
RedStart  (100,95) (135,95) (100,130) (135,130)
BlueStart  (440,95) (475,95) (440,130) (475,130)
WhiteStart  (440,440) (475,440) (440,475) (475,475)
BlackStart  (100,440) (135,440) (100,475) (135,475)
RedStartLeft  (155,40) (190,40) (155,75) (190,75)
BlueStartRight  (385,40) (420,40) (385,75) (420,75)
WhiteStartLeft  (385,495) (420,495) (385,530) (420,530)
BlackStartRight  (155,495) (190,495) (155,530) (190,530)
RedStartRight  (40,155) (75,155) (40,190) (75,190)
BlueStartLeft  (500,155) (535,155) (500,190) (535,190)
WhiteStartRight  (500,380) (535,380) (500,415) (535,415)
BlackStartLeft  (40,380) (75,380) (40,415) (75,415)
RedStepOne  (155,155) (190,155) (155,190) (190,190)
BlueStepOne  (385,155) (420,155) (385,190) (420,190)
WhiteStepOne  (385,385) (420,385) (385,420) (420,420)
BlackStepOne  (155,385) (190,385) (155,420) (190,420)
RedStepTwo  (210,210) (245,210) (210,245) (245,245)
BlueStepTwo  (325,210) (360,210) (325,245) (360,245)
WhiteStepTwo  (325,325) (360,325) (325,360) (360,360)
BlackStepTwo  (210,325) (245,325) (210,360) (245,360)


KnightBase  (35,35) (70,35) (35,70) (70,70)
ScarletBase  (505,35) (540,35) (505,70) (540,70)
RoyalBase  (505,505) (540,505) (505,540) (540,540)
RangerBase  (35,505) (70,505) (35,540) (70,540)
KnightStart  (100,95) (135,95) (100,130) (135,130)
ScarletStart  (440,95) (475,95) (440,130) (475,130)
RoyalStart  (440,440) (475,440) (440,475) (475,475)
RangerStart  (100,440) (135,440) (100,475) (135,475)
KnightStartLeft  (155,40) (190,40) (155,75) (190,75)
ScarletStartRight  (385,40) (420,40) (385,75) (420,75)
RoyalStartLeft  (385,495) (420,495) (385,530) (420,530)
RangerStartRight  (155,495) (190,495) (155,530) (190,530)
KnightStartRight  (40,155) (75,155) (40,190) (75,190)
ScarletStartLeft  (500,155) (535,155) (500,190) (535,190)
RoyalStartRight  (500,380) (535,380) (500,415) (535,415)
RangerStartLeft  (40,380) (75,380) (40,415) (75,415)
KnightStepOne  (155,155) (190,155) (155,190) (190,190)
ScarletStepOne  (385,155) (420,155) (385,190) (420,190)
RoyalStepOne  (385,385) (420,385) (385,420) (420,420)
RangerStepOne  (155,385) (190,385) (155,420) (190,420)
KnightStepTwo  (210,210) (245,210) (210,245) (245,245)
ScarletStepTwo  (325,210) (360,210) (325,245) (360,245)
RoyalStepTwo  (325,325) (360,325) (325,360) (360,360)
RangerStepTwo  (210,325) (245,325) (210,360) (245,360)


LightbringerBase  (35,35) (70,35) (35,70) (70,70)
DeathgorgeBase  (505,35) (540,35) (505,70) (540,70)
DeepwoodBase  (505,505) (540,505) (505,540) (540,540)
BloodletterBase  (35,505) (70,505) (35,540) (70,540)
LightbringerStart  (100,95) (135,95) (100,130) (135,130)
DeathgorgeStart  (440,95) (475,95) (440,130) (475,130)
DeepwoodStart  (440,440) (475,440) (440,475) (475,475)
BloodletterStart  (100,440) (135,440) (100,475) (135,475)
LightbringerStartLeft  (155,40) (190,40) (155,75) (190,75)
DeathgorgeStartRight  (385,40) (420,40) (385,75) (420,75)
DeepwoodStartLeft  (385,495) (420,495) (385,530) (420,530)
BloodletterStartRight  (155,495) (190,495) (155,530) (190,530)
LightbringerStartRight  (40,155) (75,155) (40,190) (75,190)
DeathgorgeStartLeft  (500,155) (535,155) (500,190) (535,190)
DeepwoodStartRight  (500,380) (535,380) (500,415) (535,415)
BloodletterStartLeft  (40,380) (75,380) (40,415) (75,415)
LightbringerStepOne  (155,155) (190,155) (155,190) (190,190)
DeathgorgeStepOne  (385,155) (420,155) (385,190) (420,190)
DeepwoodStepOne  (385,385) (420,385) (385,420) (420,420)
BloodletterStepOne  (155,385) (190,385) (155,420) (190,420)
LightbringerStepTwo  (210,210) (245,210) (210,245) (245,245)
DeathgorgeStepTwo  (325,210) (360,210) (325,245) (360,245)
DeepwoodStepTwo  (325,325) (360,325) (325,360) (360,360)
BloodletterStepTwo  (210,325) (245,325) (210,360) (245,360)



ForelianBase  (35,35) (70,35) (35,70) (70,70)
CorpiusBase  (505,35) (540,35) (505,70) (540,70)
AlderusBase  (505,505) (540,505) (505,540) (540,540)
RazlaniBase  (35,505) (70,505) (35,540) (70,540)
ForelianStart  (100,95) (135,95) (100,130) (135,130)
CorpiusStart  (440,95) (475,95) (440,130) (475,130)
AlderusStart  (440,440) (475,440) (440,475) (475,475)
RazlaniStart  (100,440) (135,440) (100,475) (135,475)
ForelianStartLeft  (155,40) (190,40) (155,75) (190,75)
CorpiusStartRight  (385,40) (420,40) (385,75) (420,75)
AlderusStartLeft  (385,495) (420,495) (385,530) (420,530)
RazlaniStartRight  (155,495) (190,495) (155,530) (190,530)
ForelianStartRight  (40,155) (75,155) (40,190) (75,190)
CorpiusStartLeft  (500,155) (535,155) (500,190) (535,190)
AlderusStartRight  (500,380) (535,380) (500,415) (535,415)
RazlaniStartLeft  (40,380) (75,380) (40,415) (75,415)
ForelianStepOne  (155,155) (190,155) (155,190) (190,190)
CorpiusStepOne  (385,155) (420,155) (385,190) (420,190)
AlderusStepOne  (385,385) (420,385) (385,420) (420,420)
RazlaniStepOne  (155,385) (190,385) (155,420) (190,420)
ForelianStepTwo  (210,210) (245,210) (210,245) (245,245)
CorpiusStepTwo  (325,210) (360,210) (325,245) (360,245)
AlderusStepTwo  (325,325) (360,325) (325,360) (360,360)
RazlaniStepTwo  (210,325) (245,325) (210,360) (245,360)